tot_num_reads 	 oligos_1X
10	9
20	17
30	27
40	34
50	40
60	42
70	55
80	56
90	60
100	71
110	70
120	79
130	81
140	82
150	94
160	97
170	94
180	100
190	103
200	114
210	103
220	108
230	115
240	113
250	122
260	119
270	111
280	126
290	129
300	133
310	131
320	129
330	131
340	132
350	130
360	141
370	140
380	145
390	138
400	142
410	147
420	143
430	140
440	144
450	147
460	151
470	140
480	159
490	152
500	149
510	154
520	151
530	157
540	149
550	155
560	152
570	157
580	156
590	159
600	156
610	160
620	148
630	155
640	160
650	158
660	160
670	165
680	166
690	163
700	161
710	163
720	166
730	165
740	169
750	164
760	163
770	169
780	161
790	164
800	162
810	172
820	171
830	164
840	161
850	165
860	165
870	164
880	171
890	172
900	172
910	175
920	168
930	170
940	170
950	169
960	171
970	175
980	175
990	171
1000	173
1010	178
1020	170
1030	166
1040	177
1050	170
1060	173
1070	168
1080	171
1090	171
1100	175
1110	170
1120	172
1130	173
1140	173
1150	170
1160	174
1170	178
1180	176
1190	177
1200	174
1210	179
1220	173
1230	178
1240	178
1250	176
1260	180
1270	175
1280	180
1290	177
1300	177
1310	175
1320	179
1330	173
1340	181
1350	178
1360	179
1370	177
1380	175
1390	177
1400	174
1410	175
1420	177
1430	177
1440	179
1450	180
1460	175
1470	178
1480	179
1490	183
1500	180
1510	180
1520	178
1530	182
1540	180
1550	181
1560	176
1570	180
1580	179
1590	182
1600	181
1610	181
1620	181
1630	181
1640	178
1650	179
1660	182
1670	181
1680	179
1690	181
1700	180
1710	180
1720	178
1730	182
1740	179
1750	180
1760	176
1770	179
1780	182
1790	175
1800	177
1810	182
1820	183
1830	181
1840	178
1850	181
1860	183
1870	181
1880	182
1890	178
1900	177
1910	180
1920	180
1930	182
1940	178
1950	178
1960	183
1970	184
1980	179
1990	177
2000	185
2010	177
2020	178
2030	184
2040	180
2050	184
2053	185
32053	189
62053	189
92053	189
122053	190
152053	189
182053	190
